2472252
2472248
2472012
2471059
2470969
2470883
2470690
2470683
2470633
2470559
2470501
2470443
2470305
2470281
2470280
2470162
2470157
2470152
2470144
2470130
2470129
2470109
2470107
2470100
2470092
2470090
2470083
2470082
2470080
2470079
2470076
2470073
2470068
2470065
2470056
2470051
2470050
2470048
2470047
2470044
2470042
2470040
2470038
2470037
2470036
2470035
2470029
2470027
2470023
2470021
2470017
2470015
2470013
2470012
2470009
2470008
2470007
2470006
2470005
2469999
2469996
2469987
2469983
2469982
2469980
2469977
2469970
2469969
2469964
2469958
2469957
2469955
2469948
2469942
2469941
2469937
2469934
2469931
2469930
2469926
2469925
2469920
2469914
2469912
2469910
2469909
2469908
2469907
2469906
2469904
2469902
2469898
2469895
2469889
2469885
2469882
2469876
2469873
2469871
2469870
2469868
2469862
2469857
2469852
2469837
2469833
2469829
2469809
2469800
2469757
2469753
2469745
2469743
2469742
2469723
2469721
2469712
2469706
2469705
2469702
2469702
2469699
2469694
2469693
2469677
2469675
2469673
2469659
2469654
2469653
2469652
2469648
2469647
2469644
2469641
2469638
2469634
2469633
2469619
2469618
2469616
2469615
2469607
2469597
2469595
2469594
2469543
2469588
2469584
2469583
2469581
2469487
2469578
2469576
2469577
2469574
2469508
2469572
2469571
2469569
2469566
2469564
2469561
2469560
2469558
2469555
2469538
2469530
2469529
2469527
2469518
2469514
2469512
2469510
2469507
2469495
2469488
2469485
2469484
2469474
2469459
2469446
2469445
2469443
2469440
2469418
2469417
2469415
2469414
2469411
2469408
2469405
2469400
2469394
2469393
2469382
2469379
2469375
2469369
2469368
2469350
2469347
2469344
2469341
2469338
2469332
2469331
2469328
2469327
2469322
2469320
2469312
2469308
2469297
2469294
2469234
2469276
2469272
2469235
2469266
2469257
2469254
2469253
2469250
2469247
2469248
2469238
2469218
2469207
2469199
2469189
2469187
2469180
2469176
2469165
2469143
2469136
2469128
2469113
2469085
2469079
2469077
2469073
2469046
2469012
2469025
2469020
2469016
2469011
2469009
2468999
2468998
2468996
2468994
2468990
2468987
2468973
2468967
2468960
2468926
2468931
2468930
2468923
2468921
2468919
2468918
2468916
2468914
2468913
2468912
2468911
2468909
2468907
2468905
2468890
2468888
2468874
2468873
2468872
2468871
2468867
2468862
2468855
2468852
2468839
2468827
2468819
2468818
2468815
2468805
2468798
2468781
2468777
2468775
2468771
2468758
2468752
2468721
2468694
2468686
2468685
2468683
2468681
2468680
2468679
2468678
2468676
2468673
2468672
2468671
2468668
2468666
2468663
2468659
2468658
2468656
2468655
2468653
2468647
2468644
2468630
2468627
2468625
2468618
2468617
2468604
2468599
2468597
2468593
2468592
2468583
2468574
2468565
2468564
2468558
2468555
2468554
2468553
2468551
2468550
2468547
2468544
2468543
2468541
2468540
2468537
2468535
2468530
2468525
2468524
2468513
2468509
2468504
2468494
2468480
2468467
2468460
2468458
2468365
2468358
2468340
2468334
2468331
2468329
2468327
2468326
2468324
2468315
2468313
2468310
2468309
2468306
2468303
2468297
2468296
2468292
2468288
2468285
2468280
2468281
2468276
2468275
2468272
2468270
2468267
2468266
2468265
2468263
2468261
2468260
2468257
2468255
2468253
2468251
2468250
2468248
2468244
2468242
2468237
2468232
2468227
2468224
2468210
2468203
2468164
2468163
2468161
2468157
2468155
2468152
2468149
2468145
2468143
2468142
2468141
2468134
2468132
2468127
2468072
2468047
2468047
2468044
2468038
2468037
2468030
2468028
2468023
2468022
2468017
2468013
2468010
2468007
2468005
2468003
2468002
2468001
2467999
2467996
2467994
2467991
2467985
2467982
2467980
2467979
2467976
2467974
2467972
2467971
2467964
2467960
2467959
2467958
2467956
2467950
2467947
2467945
2467944
2467940
2467938
2467937
2467934
2467931
2467930
2467929
2467927
2467926
2467925
2467924
2467921
2467918
2467917
2467914
2467913
2467912
2467894
2467909
2467904
2467901
2467884
2467897
2467895
2467882
2467891
2467890
2467888
2467886
2467880
2467879
2467875
2467874
2467870
2467864
2467861
2467856
2467835
2467833
2467831
2467829
2467827
2467826
2467824
2467823
2467820
2467819
2467816
2467814
2467813
2467812
2467810
2467809
2467806
2467805
2467793
2467791
2467780
2467776
2467746
2467734
2467715
2467703
2467701
2467698
2467692
2467688
2467683
2467681
2467679
2467675
2467674
2467673
2467668
2467663
2467660
2467658
2467657
2467653
2467651
2467644
2467642
2467641
2467639
2467637
2467635
2467633
2467630
2467623
2467619
2467616
2467615
2467613
2467612
2467611
2467609
2467607
2467601
2467600
2467595
2467593
2467589
2467588
2467585
2467582
2467581
2467579
2467577
2467576
2467575
2467572
2467561
2467566
2467558
2467559
2467554
2467550
2467536
2467545
2467538
2467535
2467531
2467529
2467527
2467523
2467519
2467502
2467497
2467492
2467491
2467490
2467489
2467488
2467487
2467483
2467481
2467476
2467473
2467464
2467463
2467458
2467453
2467418
2467416
2467395
2467391
2467375
2467373
2467368
2467356
2467355
2467353
2467350
2467347
2467345
2467337
2467333
2467324
2467323
2467318
2467317
2467313
2467307
2467306
2467305
2467300
2467292
2467286
2467285
2467281
2467275
2467267
2467266
2467264
2467261
2467255
2467253
2467248
2467245
2467242
2467236
2467233
2467232
2467231
2467226
2467222
2467217
2467216
2467213
2467210
2467206
2467202
2467198
2467194
2467190
2467188
2467183
2467179
2467177
2467172
2467167
2467165
2467163
2467161
2467155
2467140
2467130
2467117
2467113
2467110
2467108
2467104
2467102
2467101
2467100
2467097
2467095
2467094
2467093
2467092
2467090
2467086
2467084
2467083
2467082
2467080
2467052
2467047
2467042
2467031
2467027
2467022
2467015
2467014
2467006
2466986
2466978
2466964
2466954
2466940
2466936
2466935
2466933
2466932
2466930
2466928
2466927
2466926
2466921
2466917
2466908
2466900
2466898
2466886
2466884
2466883
2466882
2466880
2466879
2466875
2466876
2466872
2466867
2466861
2466857
2466855
2466851
2466849
2466845
2466841
2466836
2466835
2466833
2466831
2466828
2466822
2466791
2466787
2466784
2466780
2466775
2466768
2466766
2466761
2466751
2466743
2466741
2466738
2466734
2466725
2466717
2466705
2466700
2466692
2466681
2466679
2466680
2466675
2466669
2466655
2466654
2466652
2466651
2466647
2466646
2466644
2466640
2466641
2466636
2466635
2466632
2466630
2466626
2466625
2466621
2466618
2466613
2466608
2466606
2466600
2466596
2466591
2466589
2466588
2466584
2466579
2466576
2466573
2466571
2466570
2466566
2466565
2466561
2466560
2466557
2466556
2466552
2466547
2466542
2466527
2466519
2466518
2466517
2466515
2466513
2466511
2466509
2466503
2466502
2466500
2466489
2466486
2466477
2466465
2466464
2466457
2466456
2466454
2466452
2466447
2466443
2466439
2466436
2466433
2466434
2466423
2466412
2466404
2466390
2466386
2466382
2466368
2466358
2466354
2466347
2466342
2466338
2466337
2466333
2466332
2466330
2466327
2466326
2466323
2466322
2466315
2466309
2466305
2466296
2466290
2466288
2466285
2466282
2466281
2466280
2466279
2466274
2466271
2466267
2466265
2466258
2466252
2466251
2466249
2466246
2466245
2466241
2466240
2466237
2466236
2466228
2466223
2466215
2466208
2466205
2466202
2466200
2466197
2466195
2466194
2466189
2466186
2466183
2466177
2466175
2466173
2466168
2466166
2466165
2466163
2466161
2466154
2466145
2466141
2466139
2466135
2466130
2466128
2466124
2466121
2466119
2466114
2466110
2466108
2466106
2466102
2466088
2466081
2466078
2466070
2466068
2466057
2466047
2466046
2466041
2466039
2466038
2466037
2466036
2466032
2466030
2466028
2466026
2466024
2466021
2466015
2466011
2466008
2466002
2465998
2465996
2465993
2465987
2465984
2465980
2465977
2465974
2465973
2465969
2465966
2465964
2465962
2465960
2465958
2465952
2465949
2465947
2465944
2465939
2465936
2465930
2465928
2465926
2465923
2465920
2465919
2465918
2465916
2465914
2465912
2465910
2465906
2465904
2465902
2465893
2465881
2465877
2465876
2465875
2465874
2465873
2465856
2465862
2465857
2465855
2465853
2465851
2465850
2465849
2465846
2465843
2465833
2465826
2465807
2465794
2465781
2465764
2465742
2465719
2465700
2465691
2465688
2465677
2465673
2465671
2465664
2465661
2465639
2465655
2465654
2465653
2465652
2465650
2465647
2465644
2465642
2465638
2465636
2465635
2465634
2465631
2465630
2465629
2465628
2465626
2465623
2465621
2465617
2465611
2465613
2465607
2465606
2465604
2465603
2465601
2465599
2465596
2465590
2465586
2465585
2465584
2465581
2465576
2465574
2465563
2465562
2465561
2465559
2465558
2465556
2465552
2465551
2465548
2465547
2465546
2465542
2465540
2465536
2465532
2465528
2465522
2465491
2465484
2465471
2465466
2465463
2465461
2465459
2465457
2465430
2465423
2465418
2465412
2465380
2465358
2465333
2465314
2465305
2465304
2465292
2465287
2465276
2465275
2465274
2465273
2465271
2465267
2465263
2465262
2465259
2465249
2465248
2465247
2465246
2465243
2465237
2465235
2465234
2465233
2465232
2465231
2465229
2465228
2465227
2465226
2465225
2465224
2465223
2465222
2465219
2465217
2465210
2465208
2465199
2465198
2465197
2465194
2465192
2465184
2465180
2465171
2465162
2465160
2465153
2465148
2465147
2465145
2465141
2465140
2465136
2465130
2465129
2465128
2465126
2465124
2465123
2465109
2465107
2465096
2465094
2465093
2465090
2465089
2465087
2465084
2465080
2465074
2465071
2465068
2465065
2465062
2465058
2465037
2465015
2464962
2464923
2464957
2464959
2464913
2464951
2464947
2464921
2464915
2464914
2464909
2464908
2464904
2464903
2464900
2464897
2464892
2464890
2464888
2464885
2464886
2464884
2464883
2464879
2464876
2464875
2464874
2464872
2464869
2464865
2464863
2464862
2464860
2464858
2464854
2464852
2464850
2464848
2464847
2464845
2464844
2464843
2464841
2464840
2464839
2464836
2464835
2464833
2464831
2464830
2464828
2464826
2464821
2464816
2464810
2464808
2464807
2464804
2464797
2464793
2464791
2464784
2464779
2464777
2464776
2464771
2464767
2464757
2464753
2464751
2464747
2464744
2464740
2464738
2464737
2464735
2464734
2464733
2464732
2464731
2464730
2464728
2464727
2464726
2464725
2464724
2464723
2464722
2464721
2464720
2464718
2464714
2464701
2464697
2464693
2464682
2464670
2464665
2464658
2464636
2464624
2464597
2464596
2464590
2464585
2464583
2464581
2464571
2464570
2464568
2464567
2464563
2464560
2464556
2464552
2464547
2464457
2464545
2464541
2464527
2464534
2464533
2464525
2464523
2464521
2464513
2464510
2464507
2464503
2464502
2464499
2464494
2464493
2464456
2464491
2464488
2464487
2464478
2464477
2464474
2464472
2464466
2464462
2464461
2464460
2464454
2464453
2464452
2464451
2464437
2464419
2464413
2464412
2464404
2464401
2464399
2464397
2464385
2464382
2464379
2464377
2464364
2464346
2464345
2464333
2464330
2464323
2464312
2464270
2464234
2464230
2464229
2464192
2464191
2464189
2464185
2464180
2464178
2464174
2464173
2464171
2464167
2464163
2464158
2464155
2464149
2464142
2464135
2464133
2464130
2464128
2464119
2464116
2464112
2464110
2464107
2464105
2464102
2464099
2464097
2464087
2464083
2464080
2464077
2464071
2464067
2464064
2464061
2464000
2464056
2464052
2464046
2464041
2464006
2464038
2464037
2464035
2464034
2464031
2464030
2464028
2464027
2464026
2464024
2464011
2464005
2463997
2463995
2463989
2463881
2463877
2463874
2463866
2463862
2463846
2463839
2463836
2463835
2463834
2463832
2463830
2463829
2463828
2463825
2463821
2463820
2463819
2463814
2463812
2463810
2463808
2463806
2463805
2463803
2463799
2463792
2463794
2463789
2463787
2463790
2463788
2463786
2463785
2463784
2463782
2463775
2463773
2463772
2463767
2463752
2463750
2463748
2463746
2463741
2463738
2463735
2463730
2463726
2463725
2463723
2463718
2463715
2463713
2463711
2463707
2463704
2463689
2463688
2463687
2463684
2463682
2463679
2463678
2463677
2463674
2463664
2463653
2463652
2463640
2463632
2463625
2463605
2463586
2463573
2463554
2463494
2463492
2463472
2463469
2463465
2463461
2463460
2463457
2463452
2463451
2463449
2463442
2463440
2463438
2463425
2463420
2463414
2463413
2463410
2463409
2463408
2463405
2463404
2463400
2463396
2463395
2463390
2463389
2463387
2463386
2463384
2463383
2463377
2463369
2463368
2463361
2463357
2463356
2463350
2463348
2463346
2463342
2463336
2463331
2463330
2463327
2463319
2463310
2463307
2463301
2463296
2463294
2463292
2463291
2463290
2463289
2463286
2463287
2463284
2463282
2463278
2463276
2463272
2463269
2463266
2463265
2463262
2463261
2463260
2463255
2463250
2463249
2463241
2463234
2463232
2463230
2463226
2463218
2463216
2463213
2463212
2463204
2463203
2463186
2463183
2463179
2463172
2463164
2463158
2463154
2463143
2463135
2463129
2463121
2463118
2463113
2463102
2463072
2463059
2463054
2463050
2463045
2463033
2463025
2463022
2463000
2463017
2463007
2463005
2462998
2462996
2462995
2462994
2462990
2462988
2462984
2462980
2462979
2462978
2462975
2462972
2462971
2462969
2462968
2462967
2462965
2462963
2462960
2462959
2462958
2462957
2462954
2462953
2462949
2462942
2462939
2462938
2462937
2462936
2462932
2462931
2462929
2462928
2462922
2462920
2462916
2462913
2462910
2462909
2462908
2462906
2462905
2462901
2462899
2462898
2462897
2462896
2462895
2462894
2462893
2462892
2462891
2462890
2462883
2462877
2462873
2462872
2462867
2462864
2462858
2462853
2462849
2462844
2462836
2462833
2462832
2462829
2462820
2462807
2462804
2462803
2462802
2462800
2462798
2462794
2462793
2462777
2462775
2462768
2462765
2462761
2462754
2462752
2462749
2462746
2462745
2462741
2462724
2462718
2462683
2462677
2462670
2462659
2462557
2462624
2462608
2462603
2462598
2462597
2462553
2462583
2462582
2462581
2462577
2462574
2462573
2462570
2462568
2462566
2462562
2462546
2462539
2462544
2462540
2462536
2462530
2462529
2462523
2462522
2462521
2462516
2462514
2462509
2462502
2462495
2462494
2462487
2462485
2462483
2462481
2462478
2462474
2462464
2462460
2462459
2462457
2462455
2462452
2462450
2462444
2462443
2462441
2462439
2462436
2462431
2462428
2462425
2462424
2462419
2462418
2462417
2462416
2462413
2462411
2462410
2462409
2462391
2462390
2462389
2462388
2462387
2462386
2462385
2462384
2462383
2462382
2462378
2462377
2462374
2462371
2462368
2462365
2462357
2462335
2462303
2462289
2462286
2462284
2462283
2462278
2462277
2462274
2462268
2462259
2462257
2462247
2462245
2462240
2462235
2462230
2462229
2462228
2462223
2462222
2462220
2462219
2462218
2462215
2462213
2462211
2462200
2462198
2462193
2462191
2462189
2462184
2462183
2462179
2462173
2462172
2462167
2462160
2462159
2462158
2462157
2462152
2462149
2462147
2462140
2462137
2462134
2462130
2462128
2462125
2462122
2462117
2462114
2462111
2462101
2462095
2462090
2462088
2462080
2462071
2462070
2462069
2462068
2462067
2462066
2462064
2462062
2462061
2462060
2462059
2462058
2462057
2462056
2462054
2462053
2462052
2462048
2462042
2462031
2462022
2462015
2462002
2461991
2461972
2461968
2461963
2461930
2461924
2461913
2461896
2461892
2461888
2461882
2461872
2461869
2461865
2461863
2461860
2461857
2461853
2461850
2461847
2461844
2461842
2461840
2461839
2461838
2461834
2461826
2461822
2461818
2461816
2461815
2461810
2461805
2461804
2461803
2461802
2461801
2461799
2461798
2461797
2461795
2461790
2461788
2461787
2461786
2461784
2461782
2461781
2461777
2461767
2461760
2461752
2461729
2461725
2461721
2461720
2461718
2461714
2461710
2461709
2461704
2461700
2461696
2461668
2461642
2461627
2461600
2461595
2461593
2461591
2461581
2461578
2461574
2461571
2461569
2461568
2461567
2461554
2461562
2461551
2461559
2461543
2461542
2461540
2461534
2461530
2461527
2461525
2461524
2461510
2461501
2461478
2461477
2461476
2461475
2461470
2461469
2461466
2461459
2461454
2461444
2461440
2461435
2461432
2461409
2461391
2461327
2461325
2461322
2461319
2461316
2461303
2461301
2461299
2461298
2461292
2461289
2461287
2461282
2461278
2461276
2461273
2461272
2461271
2461270
2461268
2461266
2461265
2461263
2461262
2461261
2461260
2461258
2461257
2461255
2461250
2461249
2461245
2461244
2461241
2461239
2461237
2461235
2461234
2461231
2461229
2461228
2461226
2461221
2461217
2461210
2461206
2461205
2461188
2461186
2461180
2461172
2461171
2461164
2461162
2461156
2461153
2461149
2461146
2461143
2461142
2461140
2461139
2461137
2461136
2461135
2461132
2461130
2461125
2461123
2461119
2461118
2461115
2461114
2461113
2461112
2461111
2461109
2461107
2461102
2461093
2461089
2461084
2460954
2460939
2460937
2460930
2460926
2460925
2460921
2460912
2460909
2460907
2460903
2460897
2460896
2460891
2460883
2460886
2460879
2460874
2460872
2460870
2460869
2460867
2460860
2460852
2460850
2460849
2460848
2460847
2460845
2460842
2460840
2460839
2460838
2460836
2460829
2460827
2460824
2460821
2460820
2460816
2460814
2460813
2460808
2460806
2460803
2460802
2460783
2460775
2460769
2460766
2460762
2460760
2460754
2460749
2460743
2460740
2460738
2460732
2460730
2460726
2460718
2460701
2460697
2460694
2460693
2460690
2460687
2460683
2460680
2460675
2460665
2460662
2460659
2460657
2460655
2460644
2460643
2460638
2460635
2460622
2460568
2460492
2460562
2460556
2460547
2460541
2460538
2460537
2460534
2460526
2460523
2460485
2460519
2460517
2460514
2460509
2460506
2460498
2460495
2460491
2460489
2460484
2460474
2460473
2460472
2460464
2460461
2460454
2460448
2460438
2460437
2460431
2460429
2460427
2460425
2460417
2460414
2460413
2460410
2460409
2460407
2460405
2460403
2460401
2460363
2460358
2460356
2460350
2460349
2460347
2460346
2460335
2460333
2460329
2460324
2460323
2460316
2460311
2460303
2460292
2460280
2460272
2460270
2460265
2460259
2460250
2460244
2460222
2460196
2460171
2460161
2460149
2460137
2460127
2460125
2460123
2460118
2460114
2460105
2460104
2460099
2460079
2460075
2460074
2460071
2460068
2460063
2460062
2460059
2460058
2460055
2460051
2460050
2460048
2460046
2460044
2460039
2460038
2460037
2460030
2460029
2460017
2460016
2460013
2460010
2460008
2460004
2460000
2459999
2459998
2459995
2459991
2459989
2459983
2459981
2459980
2459977
2459975
2459969
2459964
2459961
2459958
2459954
2459947
2459945
2459939
2459928
2459918
2459907
2459905
2459902
2459901
2459897
2459896
2459894
2459891
2459889
2459887
2459884
2459874
2459870
2459868
2459867
2459861
2459834
2459827
2459733
2459728
2459727
2459780
2459776
2459709
2459761
2459748
2459746
2459739
2459737
2459730
2459725
2459722
2459707
2459718
2459717
2459716
2459713
2459710
2459703
2459702
2459682
2459699
2459668
2459697
2459696
2459694
2459693
2459686
2459683
2459665
2459676
2459671
2459670
2459669
2459664
2459663
2459661
2459658
2459657
2459656
2459655
2459654
2459653
2459652
2459651
2459648
2459647
2459646
2459645
2459644
2459640
2459639
2459638
2459637
2459636
2459635
2459631
2459630
2459557
2459628
2459627
2459624
2459622
2459621
2459620
2459619
2459616
2459615
2459613
2459610
2459609
2459608
2459605
2459604
2459603
2459602
2459600
2459599
2459598
2459594
2459583
2459576
2459574
2459572
2459571
2459569
2459560
2459558
2459553
2459550
2459548
2459544
2459541
2459540
2459538
2459536
2459533
2459522
2459518
2459514
2459513
2459508
2459506
2459500
2459497
2459490
2459474
2459467
2459444
2459434
2459428
2459420
2459398
2459396
2459394
2459382
2459378
2459363
2459356
2459331
2459340
2459339
2459333
2459329
2459328
2459327
2459325
2459316
2459297
2459296
2459294
2459293
2459292
2459291
2459290
2459288
2459287
2459285
2459282
2459278
2459276
2459260
2459257
2459247
2459246
2459243
2459244
2459240
2459235
2459230
2459224
2459219
2459216
2459215
2459214
2459212
2459211
2459210
2459207
2459204
2459193
2459179
2459174
2459173
2459168
2459167
2459162
2459150
2459148
2459143
2459140
2459139
2459129
2459127
2459120
2459116
2459109
2459102
2459101
2459087
2459075
2459055
2459044
2459040
2458963
2458948
2458943
2458944
2458942
2458941
2458940
2458938
2458937
2458934
2458932
2458929
2458928
2458926
2458918
2458911
2458910
2458907
2458905
2458904
2458903
2458901
2458900
2458898
2458897
2458890
2458889
2458888
2458886
2458883
2458882
2458881
2458878
2458876
2458873
2458871
2458864
2458856
2458851
2458847
2458836
2458839
2458832
2458831
2458825
2458820
2458819
2458816
2458815
2458814
2458813
2458812
2458807
2458803
2458795
2458790
2458763
2458667
2458654
2458640
2458646
2458623
2458639
2458618
2458619
2458606
2458614
2458613
2458611
2458610
2458609
2458605
2458594
2458604
2458599
2458591
2458592
2458588
2458586
2458581
2458582
2458580
2458575
2458573
2458571
2458564
2458552
2458541
2458538
2458537
2458533
2458525
2458520
2458515
2458514
2458513
2458512
2458510
2458508
2458504
2458503
2458491
2458493
2458483
2458484
2458478
2458477
2458473
2458470
2458466
2458459
2458455
2458451
2458442
2458440
2458439
2458437
2458432
2458431
2458427
2458426
2458424
2458421
2458420
2458419
2458418
2458417
2458416
2458403
2458390
2458387
2458374
2458289
2458281
2458270
2458264
2458261
2458247
2458245
2458243
2458241
2458239
2458233
2458232
2458231
2458230
2458229
2458225
2458222
2458214
2458210
2458209
2458202
2458200
2458195
2458192
2458191
2458188
2458183
2458181
2458178
2458177
2458175
2458174
2458173
2458172
2458169
2458165
2458161
2458158
2458155
2458148
2458145
2458143
2458141
2458140
2458136
2458134
2458131
2458129
2458127
2458126
2458119
2458116
2458115
2458112
2458110
2458111
2458106
2458104
2458100
2458099
2458094
2458093
2458086
2458082
2458077
2458076
2458073
2458071
2458064
2458063
2458062
2458061
2458057
2458052
2458050
2458047
2458042
2458038
2458034
2458030
2458025
2458022
2458020
2458016
2458014
2458012
2458009
2458007
2458004
2458001
2457993
2457984
2457983
2457969
2457935
2457927
2457926
2457919
2457910
2457903
2457900
2457898
2457867
2457889
2457888
2457885
2457874
2457871
2457870
2457861
2457859
2457857
2457854
2457853
2457847
2457846
2457840
2457836
2457834
2457832
2457824
2457826
2457819
2457818
2457814
2457809
2457806
2457805
2457803
2457799
2457796
2457794
2457790
2457787
2457785
2457782
2457779
2457777
2457775
2457766
2457762
2457761
2457759
2457756
2457749
2457748
2457746
2457745
2457743
2457740
2457736
2457731
2457729
2457728
2457726
2457725
2457722
2457718
2457717
2457716
2457715
2457714
2457710
2457709
2457708
2457707
2457706
2457705
2457704
2457693
2457692
2457671
2457653
2457529
2457525
2457521
2457515
2457487
2457486
2457484
2457481
2457473
2457472
2457468
2457460
2457459
2457456
2457454
2457455
2457452
2457451
2457448
2457445
2457442
2457436
2457435
2457434
2457431
2457429
2457428
2457427
2457425
2457424
2457419
2457418
2457414
2457409
2457406
2457400
2457397
2457396
2457398
2457395
2457394
2457393
2457390
2457386
2457383
2457381
2457380
2457375
2457366
2457361
2457360
2457356
2457354
2457350
2457348
2457344
2457338
2457333
2457328
2457313
2457312
2457311
2457309
2457308
2457307
2457306
2457300
2457297
2457288
2457285
2457282
2457280
2457277
2457272
2457271
2457267
2457264
2457259
2457238
2457182
2457162
2457156
2457147
2457145
2457134
2457131
2457126
2457125
2457124
2457123
2457117
2457115
2457114
2457111
2457109
2457108
2457107
2457097
2457091
2457089
2457086
2457085
2457084
2457083
2457078
2457072
2457071
2457069
2457067
2457066
2457065
2457064
2457063
2457061
2457060
2457054
2457041
2457038
2457029
2457022
2457023
2457018
2457016
2457015
2457010
2457007
2456995
2456990
2456988
2456984
2456982
2456976
2456975
2456973
2456971
2456970
2456969
2456968
2456967
2456966
2456965
2456961
2456959
2456958
2456956
2456955
2456937
2456932
2456921
2456920
2456911
2456891
2456845
2456832
2456828
2456826
2456815
2456813
2456811
2456787
2456807
2456806
2456805
2456803
2456802
2456800
2456799
2456786
2456797
2456794
2456793
2456791
2456790
2456789
2456785
2456784
2456783
2456781
2456779
2456773
2456763
2456762
2456759
2456760
2456757
2456754
2456751
2456750
2456749
2456748
2456746
2456745
2456744
2456741
2456740
2456739
2456738
2456737
2456732
2456726
2456720
2456714
2456711
2456704
2456703
2456693
2456687
2456683
2456678
2456679
2456672
2456669
2456662
2456646
2456645
2456644
2456643
2456642
2456641
2456640
2456639
2456638
2456636
2456635
2456633
2456631
2456628
2456627
2456567
2456552
2456472
2456470
2456468
2456466
2456463
2456456
2456450
2456444
2456439
2456437
2456436
2456434
2456432
2456431
2456430
2456428
2456427
2456425
2456424
2456420
2456411
2456409
2456406
2456400
2456396
2456395
2456394
2456393
2456391
2456390
2456385
2456383
2456377
2456374
2456372
2456370
2456369
2456366
2456365
2456362
2456360
2456352
2456349
2456346
2456344
2456342
2456335
2456333
2456326
2456312
2456296
2456294
2456293
2456291
2456288
2456286
2456284
2456281
2456279
2456273
2456271
2456269
2456265
2456260
2456259
2456257
2456247
2456140
2456138
2456132
2456128
2456127
2456123
2456121
2456120
2456111
2456109
2456107
2456106
2456104
2456102
2456101
2456100
2456099
2456096
2456095
2456089
2456088
2456086
2456085
2456084
2456083
2456081
2456079
2456078
2456075
2456074
2456071
2456068
2456066
2456062
2456060
2456056
2456055
2456045
2456051
2456047
2456042
2456041
2456039
2456031
2456028
2456026
2456024
2456023
2456022
2456020
2456017
2456015
2456011
2456006
2456001
2455996
2455992
2455991
2455984
2455982
2455978
2455971
2455967
2455966
2455963
2455962
2455959
2455957
2455951
2455949
2455947
2455933
2455918
2455915
2455865
2455847
2455840
2455838
2455837
2455819
2455817
2455815
2455813
2455811
2455807
2455804
2455800
2455799
2455798
2455795
2455794
2455793
2455792
2455791
2455788
2455787
2455786
2455776
2455782
2455772
2455768
2455767
2455763
2455762
2455760
2455758
2455756
2455755
2455754
2455753
2455752
2455750
2455749
2455748
2455746
2455744
2455743
2455742
2455740
2455739
2455737
2455734
2455731
2455730
2455728
2455723
2455722
2455717
2455698
2455696
2455693
2455690
2455688
2455687
2455684
2455680
2455681
2455678
2455677
2455669
2455668
2455660
2455658
2455653
2455651
2455623
2455618
2455615
2455613
2455612
2455611
2455610
2455609
2455605
2455599
2455596
2455595
2455594
2455590
2455585
2455571
2455537
2455506
2455489
2455486
2455482
2455479
2455474
2455473
2455464
2455458
2455456
2455452
2455450
2455449
2455445
2455443
2455442
2455438
2455435
2455429
2455434
2455430
2455428
2455425
2455420
2455418
2455417
2455414
2455411
2455396
2455395
2455394
2455393
2455390
2455389
2455388
2455385
2455383
2455382
2455379
2455378
2455375
2455374
2455371
2455370
2455368
2455366
2455364
2455362
2455360
2455356
2455351
2455346
2455344
2455341
2455334
2455332
2455296
2455327
2455329
2455322
2455315
2455308
2455283
2455298
2455294
2455253
2455292
2455290
2455289
2455287
2455284
2455256
2455279
2455266
2455258
2455255
2455254
2455250
2455248
2455246
2455245
2455243
2455242
2455240
2455238
2455236
2455234
2455232
2455231
2455230
2455229
2455228
2455226
2455224
2455166
2455154
2455127
2455105
2455078
2455065
2455057
2455044
2455042
2455031
2455019
2455017
2455010
2455009
2455007
2455006
2455005
2455001
2455000
2454999
2454997
2454996
2454990
2454989
2454988
2454987
2454986
2454979
2454978
2454975
2454974
2454970
2454968
2454967
2454965
2454964
2454962
2454961
2454959
2454958
2454954
2454953
2454952
2454950
2454948
2454946
2454942
2454941
2454940
2454939
2454938
2454935
2454934
2454933
2454932
2454931
2454930
2454929
2454928
2454926
2454925
2454922
2454920
2454919
2454917
2454916
2454914
2454913
2454912
2454911
2454907
2454906
2454904
2454905
2454903
2454900
2454899
2454897
2454894
2454893
2454892
2454890
2454888
2454883
2454879
2454877
2454876
2454874
2454873
2454871
2454870
2454868
2454864
2454860
2454858
2454857
2454855
2454852
2454849
2454848
2454844
2454843
2454837
2454836
2454832
2454833
2454827
2454825
2454822
2454820
2454816
2454815
2454813
2454811
2454808
2454798
2454794
2454785
2454779
2454776
2454774
2454761
2454760
2454759
2454758
2454756
2454754
2454752
2454750
2454747
2454742
2454725
2454720
2454705
2454698
2454589
2454573
2454571
2454518
2454563
2454561
2454555
2454554
2454551
2454550
2454548
2454544
2454542
2454538
2454534
2454530
2454528
2454527
2454523
2454520
2454519
2454516
2454515
2454512
2454511
2454510
2454509
2454493
2454506
2454502
2454489
2454499
2454497
2454484
2454468
2454494
2454491
2454490
2454487
2454486
2454482
2454478
2454477
2454473
2454469
2454467
2454462
2454459
2454453
2454451
2454450
2454449
2454448
2454446
2454442
2454437
2454433
2454427
2454424
2454422
2454420
2454418
2454417
2454416
2454413
2454412
2454410
2454409
2454408
2454406
2454405
2454404
2454403
2454401
2454400
2454399
2454397
2454395
2454394
2454396
2454392
2454391
2454390
2454386
2454385
2454383
2454381
2454379
2454373
2454369
2454366
2454361
2454354
2454352
2454350
2454348
2454346
2454345
2454343
2454342
2454338
2454337
2454329
2454326
2454325
2454324
2454323
2454322
2454321
2454320
2454319
2454318
2454317
2454315
2454313
2454312
2454310
2454307
2454305
2454293
2454285
2454263
2454253
2454248
2454220
2454188
2454215
2454208
2454190
2454199
2454170
2454163
2454169
2454165
2454164
2454159
2454158
2454156
2454153
2454151
2454150
2454149
2454144
2454142
2454140
2454139
2454134
2454133
2454132
2454127
2454126
2454124
2454122
2454121
2454119
2454118
2454117
2454116
2454112
2454108
2454105
2454102
2454100
2454099
2454097
2454096
2454093
2454088
2454087
2454085
2454084
2454079
2454078
2454076
2454075
2454072
2454071
2454070
2454068
2454063
2454062
2454061
2454060
2454057
2454056
2454054
2454053
2454052
2454050
2454048
2454046
2454045
2454041
2454039
2454037
2454036
2454034
2454031
2454030
2454028
2454025
2454017
2454009
2454008
2453989
2453978
2453976
2453975
2453974
2453973
2453972
2453969
2453968
2453966
2453963
2453957
2453948
2453937
2453933
2453914
2453913
2453892
2453889
2453875
2453861
2453849
2453848
2453842
2453831
2453830
2453824
2453823
2453821
2453816
2453815
2453812
2453810
2453808
2453807
2453806
2453803
2453802
2453799
2453797
2453795
2453792
2453791
2453789
2453787
2453786
2453784
2453783
2453781
2453777
2453773
2453774
2453770
2453768
2453767
2453766
2453765
2453762
2453759
2453755
2453754
2453753
2453752
2453751
2453750
2453749
2453748
2453746
2453744
2453742
2453741
2453739
2453737
2453736
2453734
2453730
2453728
2453723
2453721
2453719
2453715
2453714
2453711
2453702
2453701
2453695
2453690
2453686
2453682
2453680
2453671
2453665
2453663
2453661
2453660
2453658
2453657
2453655
2453654
2453653
2453652
2453651
2453636
2453613
2453612
2453603
2453595
2453592
2453587
2453583
2453577
2453554
2453552
2453551
2453540
2453539
2453521
2453513
2453507
2453506
2453501
2453500
2453499
2453494
2453487
2453485
2453480
2453473
2453472
2453468
2453467
2453464
2453460
2453458
2453457
2453456
2453452
2453450
2453448
2453446
2453445
2453439
2453438
2453435
2453434
2453430
2453429
2453428
2453427
2453423
2453422
2453421
2453420
2453419
2453417
2453416
2453414
2453412
2453411
2453409
2453404
2453403
2453401
2453402
2453399
2453398
2453396
2453393
2453392
2453391
2453390
2453388
2453386
2453384
2453381
2453378
2453377
2453374
2453368
2453364
2453363
2453362
2453359
2453358
2453357
2453351
2453346
2453341
2453338
2453336
2453335
2453334
2453333
2453332
2453331
2453330
2453329
2453328
2453327
2453325
2453324
2453320
2453315
2453311
2453305
2453303
2453266
2453259
2453254
2453240
2453231
2453227
2453216
2453172
2453164
2453158
2453152
2453148
2453146
2453145
2453142
2453137
2453136
2453132
2453131
2453125
2453113
2453109
2453108
2453107
2453106
2453101
2453100
2453095
2453089
2453088
2453084
2453081
2453077
2453074
2453060
2453059
2453058
2453057
2453056
2453054
2453052
2453051
2453050
2453049
2453048
2453045
2453044
2453042
2453041
2453040
2453038
2453037
2453036
2453035
2453034
2453032
2453030
2453029
2453028
2453026
2453025
2453024
2453019
2453020
2453018
2453015
2453010
2453009
2453006
2453004
2453001
2452998
2452995
2452990
2452991
2452988
2452984
2452983
2452981
2452976
2452973
2452972
2452970
2452971
2452969
2452967
2452965
2452963
2452962
2452960
2452958
2452955
2452952
2452951
2452949
2452948
2452947
2452946
2452945
2452944
2452939
2452936
2452935
2452923
2452892
2452823
2452807
2452803
2452789
2452787
2452785
2452782
2452778
2452777
2452772
2452770
2452769
2452762
2452755
2452754
2452749
2452748
2452744
2452741
2452739
2452737
2452735
2452729
2452726
2452724
2452723
2452722
2452720
2452713
2452711
2452709
2452706
2452705
2452704
2452701
2452700
2452699
2452698
2452679
2452693
2452692
2452691
2452690
2452687
2452686
2452684
2452683
2452682
2452681
2452680
2452678
2452677
2452676
2452670
2452669
2452668
2452667
2452665
2452664
2452661
2452659
2452658
2452654
2452651
2452647
2452642
2452643
2452640
2452638
2452635
2452636
2452632
2452630
2452629
2452628
2452626
2452625
2452622
2452621
2452616
2452615
2452614
2452613
2452610
2452609
2452606
2452604
2452603
2452599
2452595
2452585
2452583
2452575
2452571
2452565
2452563
2452558
2452557
2452551
2452543
2452542
2452539
2452537
2452536
2452534
2452527
2452526
2452525
2452520
2452518
2452514
2452512
2452510
2452490
2452483
2452415
2452395
2452394
2452385
2452383
2452381
2452379
2452372
2452370
2452366
2452365
2452364
2452363
2452360
2452359
2452358
2452357
2452355
2452354
2452258
2452277
2452344
2452340
2452337
2452334
2452333
2452331
2452329
2452320
2452319
2452316
2452315
2452314
2452313
2452310
2452309
2452307
2452306
2452305
2452302
2452299
2452298
2452294
2452291
2452288
2452286
2452285
2452283
2452282
2452275
2452273
2452272
2452270
2452269
2452268
2452266
2452265
2452264
2452263
2452262
2452259
2452257
2452256
2452254
2452250
2452249
2452247
2452246
2452243
2452242
2452239
2452236
2452235
2452230
2452228
2452223
2452222
2452220
2452212
2452211
2452210
2452198
2452199
2452190
2452185
2452202
2452160
2452171
2452170
2452169
2452168
2452167
2452164
2452162
2452161
2452159
2452158
2452150
2452149
2452147
2452146
2452145
2452101
2452099
2452076
2452046
2452038
2452033
2452032
2452026
2452017
2452015
2452011
2452009
2452006
2452003
2452002
2451992
2451984
2451982
2451981
2451976
2451974
2451972
2451970
2451959
2451955
2451954
2451950
2451945
2451944
2451941
2451939
2451936
2451935
2451929
2451928
2451927
2451925
2451923
2451922
2451920
2451918
2451917
2451913
2451912
2451911
2451910
2451909
2451905
2451903
2451900
2451896
2451895
2451893
2451892
2451891
2451890
2451889
2451886
2451885
2451881
2451880
2451879
2451877
2451871
2451869
2451865
2451862
2451861
2451860
2451859
2451853
2451847
2451845
2451844
2451843
2451840
2451837
2451832
2451829
2451828
2451827
2451823
2451816
2451814
2451810
2451807
2451806
2451802
2451799
2451795
2451793
2451788
2451780
2451775
2451770
2451763
2451761
2451760
2451758
2451757
2451755
2451754
2451752
2451748
2451747
2451746
2451745
2451744
2451743
2451742
2451741
2451739
2451738
2451736
2451732
2451730
2451728
2451722
2451711
2451703
2451701
2451696
2451670
2451666
2451665
2451664
2451634
2451626
2451624
2451620
2451614
2451603
2451601
2451588
2451585
2451582
2451573
2451569
2451561
2451558
2451549
2451548
2451547
2451546
2451545
2451543
2451542
2451541
2451539
2451536
2451535
2451534
2451531
2451530
2451528
2451525
2451523
2451522
2451520
2451516
2451515
2451514
2451513
2451510
2451508
2451507
2451505
2451503
2451502
2451501
2451499
2451497
2451496
2451489
2451486
2451485
2451481
2451479
2451475
2451473
2451472
2451471
2451470
2451469
2451466
2451463
2451462
2451459
2451457
2451453
2451450
2451449
2451448
2451447
2451446
2451443
2451442
2451441
2451438
2451436
2451434
2451432
2451429
2451428
2451427
2451424
2451422
2451418
2451414
2451413
2451411
2451408
2451407
2451406
2451405
2451403
2451401
2451397
2451394
2451392
2451391
2451389
2451388
2451386
2451383
2451382
2451375
2451360
2451358
2451353
2451350
2451348
2451346
2451343
2451342
2451339
2451338
2451335
2451333
2451332
2451330
2451329
2451326
2451323
2451319
2451318
2451317
2451299
2451272
2451265
2451262
2451251
2451199
2451198
2451197
2451191
2451182
2451181
2451178
2451176
2451174
2451171
2451169
2451168
2451167
2451164
2451162
2451161
2451158
2451157
2451155
2451154
2451152
2451151
2451150
2451148
2451146
2451145
2451143
2451136
2451134
2451132
2451131
2451129
2451127
2451126
2451125
2451123
2451119
2451118
2451116
2451114
2451110
2451105
2451102
2451101
2451100
2451098
2451096
2451094
2451091
2451088
2451087
2451086
2451085
2451084
2451083
2451078
2451075
2451068
2451064
2451063
2451060
2451059
2451057
2451054
2451053
2451051
2451042
2451041
2451040
2451037
2451035
2451032
2451031
2451029
2451027
2451025
2451024
2451023
2451020
2451016
2451015
2451013
2451012
2451010
2451009
2451004
2451001
2451000
2450999
2450998
2450997
2450996
2450992
2450944
2450942
2450932
2450894
2450874
2450867
2450863
2450861
2450860
2450858
2450854
2450850
2450847
2450846
2450844
2450841
2450839
2450836
2450835
2450834
2450833
2450831
2450830
2450829
2450828
2450827
2450826
2450825
2450824
2450823
2450821
2450820
2450818
2450817
2450816
2450815
2450814
2450812
2450810
2450808
2450807
2450806
2450804
2450803
2450801
2450800
2450798
2450797
2450794
2450793
2450791
2450789
2450787
2450786
2450784
2450775
2450774
2450770
2450769
2450765
2450764
2450762
2450759
2450757
2450753
2450750
2450749
2450748
2450747
2450745
2450743
2450739
2450738
2450736
2450732
2450731
2450729
2450724
2450721
2450719
2450718
2450716
2450713
2450708
2450698
2450696
2450694
2450693
2450692
2450687
2450683
2450684
2450680
2450673
2450669
2450664
2450663
2450662
2450661
2450651
2450648
2450646
2450631
2450617
2450564
2450536
2450533
2450530
2450527
2450523
2450514
2450512
2450508
2450505
2450503
2450502
2450498
2450495
2450493
2450491
2450488
2450486
2450483
2450481
2450479
2450478
2450476
2450475
2450473
2450469
2450466
2450465
2450462
2450459
2450458
2450455
2450452
2450451
2450448
2450447
2450444
2450442
2450440
2450437
2450434
2450428
2450425
2450424
2450423
2450420
2450419
2450417
2450416
2450415
2450411
2450410
2450401
2450399
2450390
2450388
2450384
2450380
2450367
2450360
2450359
2450358
2450357
2450356
2450353
2450351
2450349
2450348
2450338
2450328
2450325
2450319
2450314
2450313
2450298
2450292
2450290
2450278
2450255
2450254
2450253
2450250
2450246
2450247
2450243
2450225
2450219
2450218
2450215
2450211
2450209
2450206
2450204
2450203
2450201
2450200
2450199
2450198
2450194
2450192
2450184
2450173
2450168
2450162
2450160
2450159
2450157
2450155
2450156
2450149
2450147
2450144
2450140
2450135
2450129
2450123
2450121
2450114
2450112
2450111
2450109
2450108
2450106
2450105
2450104
2450095
2450094
2450091
2450090
2450089
2450087
2450082
2450081
2450080
2450071
2450066
2450065
2450064
2450058
2450056
2450053
2450051
2450044
2450042
2450033
2450032
2450027
2450023
2450021
2450017
2450016
2450015
2450013
2450012
2450011
2450010
2450009
2450007
2450004
2450001
2450000
2449996
2449993
2449983
2449977
2449974
2449975
2449970
2449945
2449935
2449934
2449911
2449908
2449905
2449900
2449898
2449882
2449879
2449876
2449874
2449872
2449868
2449867
2449864
2449860
2449855
2449840
2449837
2449836
2449833
2449831
2449829
2449827
2449825
2449819
2449814
2449812
2449800
2449797
2449794
2449792
2449791
2449790
2449784
2449779
2449777
2449771
2449769
2449768
2449766
2449763
2449762
2449758
2449757
2449751
2449750
2449749
2449746
2449744
2449741
2449740
2449738
2449737
2449736
2449734
2449729
2449726
2449724
2449723
2449719
2449718
2449717
2449716
2449714
2449713
2449712
2449708
2449706
2449704
2449702
2449698
2449697
2449696
2449695
2449691
2449686
2449685
2449683
2449682
2449679
2449678
2449676
2449677
2449673
2449672
2449669
2449666
2449665
2449659
2449657
2449652
2449651
2449649
2449648
2449644
2449640
2449638
2449637
2449636
2449634
2449632
2449630
2449628
2449626
2449625
2449624
2449623
2449621
2449620
2449619
2449618
2449616
2449615
2449614
2449613
2449609
2449603
2449597
2449589
2449571
2449566
2449564
2449563
2449559
2449553
2449542
2449541
2449509
2449499
2449498
2449496
2449492
2449490
2449481
2449480
2449479
2449476
2449472
2449468
2449465
2449464
2449461
2449459
2449455
2449454
2449453
2449438
2449437
2449433
2449432
2449431
2449430
2449429
2449424
2449423
2449421
2449420
2449418
2449416
2449415
2449414
2449413
2449411
2449410
2449408
2449405
2449404
2449399
2449397
2449394
2449393
2449391
2449389
2449387
2449386
2449383
2449382
2449381
2449380
2449379
2449377
2449376
2449373
2449371
2449370
2449369
2449368
2449367
2449358
2449357
2449356
2449354
2449352
2449351
2449350
2449349
2449348
2449344
2449343
2449340
2449338
2449336
2449335
2449333
2449330
2449331
2449323
2449316
2449315
2449313
2449312
2449310
2449309
2449308
2449306
2449303
2449302
2449299
2449292
2449290
2449287
2449286
2449285
2449283
2449282
2449281
2449279
2449275
2449274
2449272
2449271
2449266
2449265
2449264
2449263
2449262
2449261
2449260
2449259
2449257
2449255
2449254
2449252
2449251
2449250
2449249
2449248
2449246
2449245
2449244
2449243
2449242
2449240
2449239
2449238
2449237
2449235
2449234
2449232
2449230
2449228
2449223
2449215
2449213
2449212
2449205
2449203
2449200
2449195
2449187
2449177
2449174
2449157
2449147
2449142
2449141
2449133
2449132
2449130
2449115
2449093
2449088
2449083
2449081
2449080
2449076
2449075
2449074
2449072
2449065
2449052
2449051
2449043
2449041
2449040
2449034
2449033
2449032
2449030
2449028
2449025
2449023
2449021
2449020
2449018
2449016
2449015
2449014
2449012
2449010
2449009
2449008
2449006
2449005
2449003
2449001
2449000
2448999
2448997
2448994
2448993
2448990
2448989
2448988
2448987
2448986
2448984
2448983
2448979
2448978
2448977
2448976
2448975
2448974
2448971
2448969
2448968
2448963
2448961
2448960
2448959
2448958
2448957
2448956
2448955
2448949
2448948
2448946
2448945
2448944
2448941
2448940
2448939
2448938
2448937
2448933
2448931
2448928
2448926
2448923
2448919
2448915
2448914
2448913
2448910
2448909
2448907
2448905
2448904
2448903
2448894
2448889
2448884
2448880
2448879
2448877
2448872
2448871
2448870
2448868
2448867
2448866
2448865
2448863
2448862
2448861
2448858
2448854
2448855
2448857
2448852
2448849
2448847
2448846
2448843
2448842
2448841
2448840
2448838
2448837
2448835
2448834
2448833
2448832
2448830
2448829
2448828
2448826
2448825
2448823
2448822
2448821
2448820
2448819
2448818
2448817
2448816
2448815
2448813
2448812
2448811
2448809
2448808
2448806
2448805
2448803
2448802
2448801
2448800
2448799
2448797
2448796
2448795
2448794
2448793
2448791
2448789
2448788
2448786
2448785
2448784
2448783
2448782
2448781
2448780
2448779
2448778
2448777
2448776
2448775
2448774
2448772
2448771
2448770
2448768
2448767
2448765
2448762
2448761
2448760
2448759
2448758
2448755
2448749
2448747
2448742
2448740
2448736
2448727
2448720
2448717
2448684
2448637
2448629
2448626
2448625
2448623
2448621
2448620
2448618
2448613
2448612
2448609
2448608
2448604
2448603
2448601
2448599
2448594
2448588
2448586
2448584
2448582
2448580
2448577
2448211
2448574
2448571
2448570
2448568
2448559
2448558
2448552
2448550
2448549
2448546
2448545
2448543
2448542
2448541
2448540
2448536
2448535
2448531
2448528
2448525
2448522
2448521
2448517
2448515
2448514
2448513
2448512
2448508
2448507
2448505
2448499
2448498
2448496
2448494
2448491
2448487
2448485
2448483
2448481
2448479
2448478
2448475
2448472
2448471
2448470
2448469
2448468
2448466
2448465
2448464
2448462
2448461
2448460
2448459
2448458
2448456
2448454
2448453
2448451
2448452
2448450
2448449
2448448
2448447
2448446
2448445
2448444
2448443
2448441
2448440
2448437
2448436
2448434
2448432
2448431
2448430
2448429
2448428
2448427
2448424
2448421
2448419
2448418
2448417
2448416
2448415
2448414
2448413
2448412
2448411
2448410
2448409
2448408
2448405
2448403
2448398
2448396
2448395
2448392
2448391
2448390
2448385
2448379
2448376
2448371
2448369
2448366
2448361
2448346
2448330
2448295
2448292
2448276
2448275
2448271
2448269
2448266
2448258
2448256
2448252
2448251
2448250
2448249
2448248
2448246
2448245
2448242
2448240
2448239
2448238
2448236
2448235
2448233
2448230
2448228
2448227
2448226
2448223
2448213
2448208
2448209
2448206
2448204
2448202
2448201
2448194
2448189
2448188
2448180
2448179
2448178
2448176
2448173
2448170
2448167
2448165
2448163
2448159
2448153
2448152
2448147
2448149
2448140
2448135
2448131
2448129
2448126
2448123
2448121
2448118
2448117
2448116
2448114
2448112
2448111
2448110
2448109
2448107
2448108
2448104
2448105
2448103
2448102
2448098
2448095
2448093
2448088
2448086
2448083
2448076
2448074
2448072
2448070
2448069
2448068
2448067
2448065
2448064
2448061
2448059
2448058
2447972
2448043
2448042
2448036
2448035
2448032
2448030
2448024
2448023
2448019
2448015
2448005
2447969
2447960
2447952
2447928
2447923
2447921
2447920
2447913
2447911
2447909
2447907
2447905
2447904
2447903
2447902
2447900
2447898
2447888
2447887
2447883
2447882
2447876
2447874
2447873
2447871
2447870
2447866
2447863
2447861
2447857
2447855
2447850
2447851
2447849
2447847
2447846
2447845
2447844
2447840
2447842
2447839
2447836
2447835
2447833
2447832
2447830
2447827
2447825
2447824
2447817
2447816
2447814
2447813
2447809
2447810
2447806
2447805
2447804
2447801
2447799
2447798
2447796
2447795
2447791
2447787
2447781
2447780
2447774
2447771
2447772
2447768
2447761
2447760
2447757
2447754
2447753
2447752
2447750
2447749
2447743
2447741
2447740
2447739
2447738
2447737
2447736
2447735
2447733
2447732
2447731
2447729
2447727
2447726
2447725
2447724
2447721
2447719
2447718
2447717
2447715
2447714
2447710
2447708
2447707
2447675
2447674
2447673
2447672
2447671
2447654
2447649
2447639
2447634
2447628
2447624
2447613
2447610
2447604
2447596
2447594
2447591
2447584
2447579
2447578
2447574
2447569
2447568
2447567
2447564
2447563
2447562
2447560
2447559
2447557
2447556
2447555
2447549
2447550
2447548
2447547
2447544
2447541
2447539
2447538
2447535
2447532
2447529
2447524
2447522
2447520
2447516
2447513
2447511
2447510
2447506
2447505
2447500
2447499
2447497
2447495
2447494
2447492
2447493
2447490
2447488
2447486
2447487
2447485
2447484
2447483
2447480
2447479
2447477
2447476
2447475
2447472
2447471
2447470
2447469
2447467
2447466
2447464
2447461
2447460
2447457
2447454
2447453
2447450
2447448
2447446
2447443
2447442
2447440
2447437
2447435
2447433
2447430
2447428
2447426
2447424
2447420
2447418
2447417
2447416
2447415
2447413
2447406
2447403
2447399
2447397
2447395
2447394
2447393
2447391
2447389
2447387
2447382
2447376
2447360
2447358
2447329
2447319
2447293
2447264
2447263
2447252
2447253
2447250
2447245
2447244
2447215
2447240
2447238
2447233
2447229
2447212
2447226
2447223
2447213
2447208
2447192
2447220
2447219
2447207
2447205
2447204
2447203
2447200
2447199
2447191
2447189
2447185
2447182
2447180
2447179
2447177
2447172
2447170
2447169
2447168
2447167
2447165
2447163
2447161
2447158
2447156
2447155
2447153
2447151
2447149
2447148
2447147
2447145
2447142
2447144
2447141
2447140
2447137
2447135
2447132
2447131
2447129
2447126
2447125
2447124
2447123
2447122
2447119
2447117
2447114
2447109
2447105
2447103
2447097
2447095
2447092
2447090
2447083
2447080
2447076
2447074
2447068
2447064
2447049
2447048
2447046
2447040
2447035
2447033
2447029
2447026
2447020
2447018
2447001
2446949
2446947
2446945
2446933
2446922
2446914
2446909
2446898
2446889
2446886
2446883
2446882
2446878
2446867
2446863
2446862
2446856
2446855
2446854
2446853
2446851
2446849
2446848
2446847
2446842
2446841
2446839
2446838
2446836
2446834
2446833
2446832
2446829
2446828
2446826
2446822
2446821
2446818
2446816
2446810
2446806
2446805
2446804
2446796
2446797
2446792
2446791
2446790
2446788
2446787
2446783
2446782
2446781
2446777
2446778
2446776
2446774
2446773
2446772
2446770
2446769
2446768
2446765
2446764
2446763
2446762
2446761
2446760
2446759
2446758
2446757
2446756
2446754
2446753
2446752
2446751
2446750
2446748
2446744
2446745
2446741
2446740
2446739
2446736
2446735
2446733
2446731
2446730
2446729
2446728
2446727
2446724
2446721
2446718
2446716
2446715
2446714
2446713
2446712
2446711
2446709
2446708
2446706
2446704
2446700
2446699
2446698
2446695
2446694
2446693
2446690
2446687
2446685
2446683
2446678
2446676
2446673
2446672
2446669
2446667
2446664
2446662
2446660
2446658
2446656
2446652
2446646
2446640
2446641
2446626
2446623
2446593
2446591
2446588
2446585
2446544
2446541
2446517
2446513
2446511
2446508
2446507
2446497
2446492
2446486
2446482
2446481
2446478
2446476
2446475
2446472
2446468
2446465
2446462
2446460
2446459
2446452
2446448
2446445
2446440
2446435
2446433
2446432
2446430
2446429
2446422
2446419
2446415
2446414
2446411
2446410
2446408
2446406
2446405
2446403
2446399
2446396
2446389
2446383
2446381
2446374
2446370
2446367
2446362
2446359
2446358
2446357
2446356
2446355
2446354
2446351
2446349
2446345
2446284
2446257
2446245
2446239
2446220
2446214
2446211
2446209
2446201
2446198
2446195
2446177
2446172
2446167
2446165
2446162
2446158
2446155
2446149
2446142
2446137
2446134
2446131
2446125
2446124
2446123
2446122
2446121
